-1.318915957138716522e+01
2.510312608544466428e+01
2.681120608133962691e+01
2.788497308137120001e+01
2.872681631556267945e+01
2.953438509327161654e+01
3.028411093665657461e+01
3.099867371343575684e+01
3.154457443726349197e+01
3.197240668621814308e+01
3.236779982639330200e+01
3.275389996253845482e+01
3.310589447644113648e+01
3.343166005689748488e+01
3.368737521057076378e+01
3.385985596121685148e+01
3.401962007526363152e+01
3.413278625738464456e+01
3.424424280511356500e+01
3.434249582827305858e+01
3.445636864852301073e+01
3.456772882030241334e+01
3.467289228037382287e+01
3.476970663539625406e+01
3.485753829231935441e+01
3.493971579175326525e+01
3.502263589050774328e+01
3.510603952232101932e+01
3.517890207247171475e+01
3.524016214001307645e+01
3.529741976497659550e+01
3.535559086494481562e+01
3.541033529779929268e+01
3.545384251116281149e+01
3.548176792303801363e+01
3.552216965440950247e+01
3.558951922200731133e+01
3.565955627639619507e+01
3.572560673253952501e+01
3.578500520838389320e+01
3.584538976706066649e+01
3.590305015486233486e+01
3.595386927196268800e+01
3.600644983133361876e+01
3.606733608956163550e+01
3.611904955215587165e+01
3.616315879787763521e+01
3.621996546745061352e+01
3.627413506804272458e+01
3.632314866422474608e+01
3.636645908386769577e+01
3.642539484863524279e+01
3.651364861591579825e+01
3.662411106975056185e+01
3.675334904705796646e+01
3.687946118632831372e+01
3.698948185406419498e+01
3.710737455023302545e+01
3.722431313549328280e+01
3.732387042447557235e+01
3.744277650871394769e+01
3.760222314920489595e+01
3.779203970342157959e+01
3.798288861691884222e+01
3.814132165919826178e+01
3.824816622961154877e+01
3.830843999668480393e+01
3.835150846331431751e+01
3.838688620397092421e+01
3.842143617741954387e+01
3.845685536694205098e+01
3.849270094147999544e+01
3.853259718901252029e+01
3.857943553363329414e+01
3.862908565640620395e+01
3.866876345036178719e+01
3.869012719489982999e+01
3.870840396361717950e+01
3.873976031443803691e+01
3.877386310935395386e+01
3.879926325187158653e+01
3.882075036747728092e+01
3.884616404046306570e+01
3.887819527752021287e+01
3.891508495482155183e+01
3.895131583335886205e+01
3.898373040814076518e+01
3.901420551571761308e+01
3.904727876461800662e+01
3.908537244453923165e+01
3.912765246693172827e+01
3.917159390084854209e+01
3.921755620926112584e+01
3.926836380115430103e+01
3.932387581983385871e+01
3.937757785515508857e+01
3.942173190121125259e+01
3.945475271237710047e+01
3.948227373234342252e+01
3.951449434515114945e+01
3.955881112178506243e+01
