-1.393702152941369832e+01
2.425163412032436838e+01
2.582900047433288648e+01
2.680077571655586866e+01
2.754295823507674612e+01
2.814534822103630063e+01
2.865934521749624508e+01
2.911505583282826848e+01
2.951282890827151562e+01
2.984659251932374247e+01
3.013362657140955037e+01
3.039680656745382947e+01
3.066242364871151693e+01
3.090697316617443846e+01
3.113299705767906289e+01
3.137181208863958659e+01
3.155595346827310976e+01
3.178383043747066949e+01
3.198932112344112966e+01
3.222362185292405456e+01
3.250038317175391711e+01
3.274373306480787704e+01
3.300065519912857326e+01
3.328962180705268281e+01
3.356393900275090658e+01
3.381108512179365988e+01
3.394974889235475501e+01
3.412172654703422126e+01
3.426138453720740529e+01
3.441794534186667676e+01
3.455018844866988559e+01
3.470371309916730951e+01
3.485134816705525651e+01
3.499184433994297194e+01
3.513474919187827084e+01
3.526799091158391519e+01
3.538596080787167608e+01
3.550823479797289650e+01
3.559268882032538528e+01
3.564690024505858901e+01
3.571157449835168762e+01
3.578362794662386648e+01
3.582860225433887535e+01
3.586498335799310411e+01
3.589164728547122962e+01
3.592935316749149166e+01
3.596405347548184039e+01
3.599002780929067313e+01
3.602202887587715452e+01
3.606337601816348126e+01
3.610491887253022725e+01
3.614554496936492001e+01
3.618702785396250476e+01
3.622861147970857587e+01
3.626961711655108900e+01
3.630333233308819985e+01
3.633643527078264412e+01
3.636424709399499733e+01
3.640146984195057200e+01
3.642752322280909283e+01
3.646133160068853840e+01
3.649036108323232241e+01
3.652687301350953675e+01
3.654585339157360124e+01
3.657789486914825261e+01
3.660429850764039372e+01
3.664000952706469150e+01
3.666933264031305129e+01
3.668997110533357642e+01
3.670644081926349855e+01
3.673570965270758393e+01
3.675264727693544131e+01
3.677124829630484015e+01
3.678320973927628046e+01
3.680648226320352023e+01
3.682659609934938771e+01
3.684331360044224368e+01
3.685022534208199119e+01
3.685074183888427513e+01
3.686186461266442649e+01
3.688735759551083504e+01
3.691338899098546023e+01
3.693282177899221352e+01
3.695701996235628428e+01
3.698234096435020746e+01
3.700768927864527313e+01
3.704576929653148198e+01
3.707386989972430058e+01
3.708646987785941462e+01
3.711696214433566610e+01
3.714710256016230261e+01
3.717824733860270925e+01
3.720297626062414764e+01
3.721574178155753998e+01
3.723486601944212282e+01
3.726711134488738253e+01
3.729266774141346730e+01
3.732024155832646528e+01
3.735249860501517816e+01
3.737423433790419125e+01
3.738628767646267903e+01
