-2.695063888630689775e+01
1.123801676343116895e+01
1.281538311743968706e+01
1.378715835966266923e+01
1.452934087818354669e+01
1.513173086414310120e+01
1.564572786060304566e+01
1.610143847593506905e+01
1.649921155137831619e+01
1.683297516243054304e+01
1.712000921451635094e+01
1.738318921056063004e+01
1.764880629181831750e+01
1.789335580928123903e+01
1.811937970078586346e+01
1.835819473174638716e+01
1.854233611137991034e+01
1.877021308057747007e+01
1.897570376654793023e+01
1.921000449603085514e+01
1.948676581486071768e+01
1.973011570791467761e+01
1.998703784223537383e+01
2.027600445015948338e+01
2.055032164585770715e+01
2.079746776490046045e+01
2.093613153546155559e+01
2.110810919014102183e+01
2.124776718031420586e+01
2.140432798497347733e+01
2.153657109177668616e+01
2.169009574227411008e+01
2.183773081016205708e+01
2.197822698304977251e+01
2.212113183498507141e+01
2.225437355469071576e+01
2.237234345097847665e+01
2.249461744107969707e+01
2.257907146343218585e+01
2.263328288816538958e+01
2.269795714145848819e+01
2.277001058973066705e+01
2.281498489744567593e+01
2.285136600109990468e+01
2.287802992857803019e+01
2.291573581059829223e+01
2.295043611858864097e+01
2.297641045239747370e+01
2.300841151898395509e+01
2.304975866127028183e+01
2.309130151563702782e+01
2.313192761247172058e+01
2.317341049706930534e+01
2.321499412281537644e+01
2.325599975965788957e+01
2.328971497619500042e+01
2.332281791388944470e+01
2.335062973710179790e+01
2.338785248505737258e+01
2.341390586591589340e+01
2.344771424379533897e+01
2.347674372633912299e+01
2.351325565661633732e+01
2.353223603468040181e+01
2.356427751225505318e+01
2.359068115074719429e+01
2.362639217017149207e+01
2.365571528341985186e+01
2.367635374844037699e+01
2.369282346237029913e+01
2.372209229581438450e+01
2.373902992004224188e+01
2.375763093941164072e+01
2.376959238238308103e+01
2.379286490631032081e+01
2.381297874245618829e+01
2.382969624354904425e+01
2.383660798518879176e+01
2.383712448199107570e+01
2.384824725577122706e+01
2.387374023861763561e+01
2.389977163409226080e+01
2.391920442209901410e+01
2.394340260546308485e+01
2.396872360745700803e+01
2.399407192175207371e+01
2.403215193963828256e+01
2.406025254283110115e+01
2.407285252096621520e+01
2.410334478744246667e+01
2.413348520326910318e+01
2.416462998170950982e+01
2.418935890373094821e+01
2.420212442466434055e+01
2.422124866254892339e+01
2.425349398799418310e+01
2.427905038452026787e+01
2.430662420143326585e+01
2.433888124812197873e+01
2.436061698101099182e+01
2.437267031956947960e+01
