-2.620277692828036464e+01
1.208950872855146486e+01
1.379758872444642748e+01
1.487135572447800058e+01
1.571319895866948002e+01
1.652076773637841711e+01
1.727049357976337518e+01
1.798505635654255741e+01
1.853095708037029254e+01
1.895878932932494365e+01
1.935418246950010257e+01
1.974028260564525539e+01
2.009227711954793705e+01
2.041804270000428545e+01
2.067375785367756436e+01
2.084623860432365205e+01
2.100600271837043209e+01
2.111916890049144513e+01
2.123062544822036557e+01
2.132887847137985915e+01
2.144275129162981131e+01
2.155411146340921391e+01
2.165927492348062344e+01
2.175608927850305463e+01
2.184392093542615498e+01
2.192609843486006582e+01
2.200901853361454386e+01
2.209242216542781989e+01
2.216528471557851532e+01
2.222654478311987702e+01
2.228380240808339607e+01
2.234197350805161619e+01
2.239671794090609325e+01
2.244022515426961206e+01
2.246815056614481421e+01
2.250855229751630304e+01
2.257590186511411190e+01
2.264593891950299565e+01
2.271198937564632558e+01
2.277138785149069378e+01
2.283177241016746706e+01
2.288943279796913544e+01
2.294025191506948858e+01
2.299283247444041933e+01
2.305371873266843608e+01
2.310543219526267222e+01
2.314954144098443578e+01
2.320634811055741409e+01
2.326051771114952516e+01
2.330953130733154666e+01
2.335284172697449634e+01
2.341177749174204337e+01
2.350003125902259882e+01
2.361049371285736242e+01
2.373973169016476703e+01
2.386584382943511429e+01
2.397586449717099555e+01
2.409375719333982602e+01
2.421069577860008337e+01
2.431025306758237292e+01
2.442915915182074826e+01
2.458860579231169652e+01
2.477842234652838016e+01
2.496927126002564279e+01
2.512770430230506236e+01
2.523454887271834934e+01
2.529482263979160450e+01
2.533789110642111808e+01
2.537326884707772479e+01
2.540781882052634444e+01
2.544323801004885155e+01
2.547908358458679601e+01
2.551897983211932086e+01
2.556581817674009471e+01
2.561546829951300452e+01
2.565514609346858776e+01
2.567650983800663056e+01
2.569478660672398007e+01
2.572614295754483749e+01
2.576024575246075443e+01
2.578564589497838710e+01
2.580713301058408149e+01
2.583254668356986627e+01
2.586457792062701344e+01
2.590146759792835240e+01
2.593769847646566262e+01
2.597011305124756575e+01
2.600058815882441365e+01
2.603366140772480719e+01
2.607175508764603222e+01
2.611403511003852884e+01
2.615797654395534266e+01
2.620393885236792642e+01
2.625474644426110160e+01
2.631025846294065929e+01
2.636396049826188914e+01
2.640811454431805316e+01
2.644113535548390104e+01
2.646865637545022309e+01
2.650087698825795002e+01
2.654519376489186300e+01
