-2.053041716133499861e+01
1.765823848840306809e+01
1.923560484241158619e+01
2.020738008463456836e+01
2.094956260315544583e+01
2.155195258911500034e+01
2.206594958557494479e+01
2.252166020090696819e+01
2.291943327635021532e+01
2.325319688740244217e+01
2.354023093948825007e+01
2.380341093553252918e+01
2.406902801679021664e+01
2.431357753425313817e+01
2.453960142575776260e+01
2.477841645671828630e+01
2.496255783635180947e+01
2.519043480554936920e+01
2.539592549151982936e+01
2.563022622100275427e+01
2.590698753983261682e+01
2.615033743288657675e+01
2.640725956720727297e+01
2.669622617513138252e+01
2.697054337082960629e+01
2.721768948987235959e+01
2.735635326043345472e+01
2.752833091511292096e+01
2.766798890528610499e+01
2.782454970994537646e+01
2.795679281674858530e+01
2.811031746724600922e+01
2.825795253513395622e+01
2.839844870802167165e+01
2.854135355995697054e+01
2.867459527966261490e+01
2.879256517595037579e+01
2.891483916605159621e+01
2.899929318840408499e+01
2.905350461313728871e+01
2.911817886643038733e+01
2.919023231470256619e+01
2.923520662241757506e+01
2.927158772607180381e+01
2.929825165354992933e+01
2.933595753557019137e+01
2.937065784356054010e+01
2.939663217736937284e+01
2.942863324395585423e+01
2.946998038624218097e+01
2.951152324060892695e+01
2.955214933744361971e+01
2.959363222204120447e+01
2.963521584778727558e+01
2.967622148462978870e+01
2.970993670116689955e+01
2.974303963886134383e+01
2.977085146207369704e+01
2.980807421002927171e+01
2.983412759088779254e+01
2.986793596876723811e+01
2.989696545131102212e+01
2.993347738158823645e+01
2.995245775965230095e+01
2.998449923722695232e+01
3.001090287571909343e+01
3.004661389514339120e+01
3.007593700839175099e+01
3.009657547341227612e+01
3.011304518734219826e+01
3.014231402078628363e+01
3.015925164501414102e+01
3.017785266438353986e+01
3.018981410735498017e+01
3.021308663128221994e+01
3.023320046742808742e+01
3.024991796852094339e+01
3.025682971016069089e+01
3.025734620696297483e+01
3.026846898074312620e+01
3.029396196358953475e+01
3.031999335906415993e+01
3.033942614707091323e+01
3.036362433043498399e+01
3.038894533242890716e+01
3.041429364672397284e+01
3.045237366461018169e+01
3.048047426780300029e+01
3.049307424593811433e+01
3.052356651241436580e+01
3.055370692824100232e+01
3.058485170668140896e+01
3.060958062870284735e+01
3.062234614963623969e+01
3.064147038752082253e+01
3.067371571296608224e+01
3.069927210949216700e+01
3.072684592640516499e+01
3.075910297309387786e+01
3.078083870598289096e+01
3.079289204454137874e+01
