-1.978255520330846551e+01
1.850973045352336399e+01
2.021781044941832661e+01
2.129157744944989972e+01
2.213342068364137916e+01
2.294098946135031625e+01
2.369071530473527432e+01
2.440527808151445655e+01
2.495117880534219168e+01
2.537901105429684279e+01
2.577440419447200171e+01
2.616050433061715452e+01
2.651249884451983618e+01
2.683826442497618459e+01
2.709397957864946349e+01
2.726646032929555119e+01
2.742622444334233123e+01
2.753939062546334426e+01
2.765084717319226471e+01
2.774910019635175829e+01
2.786297301660171044e+01
2.797433318838111305e+01
2.807949664845252258e+01
2.817631100347495376e+01
2.826414266039805412e+01
2.834632015983196496e+01
2.842924025858644299e+01
2.851264389039971903e+01
2.858550644055041445e+01
2.864676650809177616e+01
2.870402413305529521e+01
2.876219523302351533e+01
2.881693966587799238e+01
2.886044687924151120e+01
2.888837229111671334e+01
2.892877402248820218e+01
2.899612359008601103e+01
2.906616064447489478e+01
2.913221110061822472e+01
2.919160957646259291e+01
2.925199413513936619e+01
2.930965452294103457e+01
2.936047364004138771e+01
2.941305419941231847e+01
2.947394045764033521e+01
2.952565392023457136e+01
2.956976316595633492e+01
2.962656983552931322e+01
2.968073943612142429e+01
2.972975303230344579e+01
2.977306345194639547e+01
2.983199921671394250e+01
2.992025298399449795e+01
3.003071543782926156e+01
3.015995341513666617e+01
3.028606555440701342e+01
3.039608622214289468e+01
3.051397891831172515e+01
3.063091750357198251e+01
3.073047479255427206e+01
3.084938087679264740e+01
3.100882751728359565e+01
3.119864407150027930e+01
3.138949298499754192e+01
3.154792602727696149e+01
3.165477059769024848e+01
3.171504436476350364e+01
3.175811283139301722e+01
3.179349057204962392e+01
3.182804054549824357e+01
3.186345973502075068e+01
3.189930530955869514e+01
3.193920155709122000e+01
3.198603990171199385e+01
3.203569002448490721e+01
3.207536781844048335e+01
3.209673156297853325e+01
3.211500833169587565e+01
3.214636468251673307e+01
3.218046747743265712e+01
3.220586761995028269e+01
3.222735473555597707e+01
3.225276840854176896e+01
3.228479964559890902e+01
3.232168932290025509e+01
3.235792020143756531e+01
3.239033477621946133e+01
3.242080988379630924e+01
3.245388313269670277e+01
3.249197681261793491e+01
3.253425683501042442e+01
3.257819826892723825e+01
3.262416057733982200e+01
3.267496816923299718e+01
3.273048018791256197e+01
3.278418222323378473e+01
3.282833626928994875e+01
3.286135708045580373e+01
3.288887810042211868e+01
3.292109871322985271e+01
3.296541548986375858e+01
